amp_velcurve_1=0.47727
amp_velcurve_2=0.4916
amp_velcurve_3=0.50636
amp_velcurve_4=0.52157
amp_velcurve_5=0.53723
amp_velcurve_6=0.55336
amp_velcurve_7=0.56998
amp_velcurve_8=0.5871
amp_velcurve_9=0.60473
amp_velcurve_10=0.62289
amp_velcurve_11=0.64159
amp_velcurve_12=0.66086
amp_velcurve_13=0.6807
amp_velcurve_14=0.70114
amp_velcurve_15=0.7222
amp_velcurve_16=0.74388
amp_velcurve_17=0.76622
amp_velcurve_18=0.78923
amp_velcurve_19=0.81293
amp_velcurve_20=0.83734
amp_velcurve_21=0.86249
amp_velcurve_22=0.88839
amp_velcurve_23=0.91506
amp_velcurve_24=0.94254
amp_velcurve_25=0.97085
amp_velcurve_26=1
amp_velcurve_27=0.45543
amp_velcurve_28=0.50959
amp_velcurve_29=0.57018
amp_velcurve_30=0.63799
amp_velcurve_31=0.71385
amp_velcurve_32=0.79874
amp_velcurve_33=0.89372
amp_velcurve_34=1
amp_velcurve_35=0.87441
amp_velcurve_36=1
amp_velcurve_37=0.82599
amp_velcurve_38=0.85273
amp_velcurve_39=0.88034
amp_velcurve_40=0.90884
amp_velcurve_41=0.93826
amp_velcurve_42=0.96864
amp_velcurve_43=1
amp_velcurve_44=0.86661
amp_velcurve_45=0.93092
amp_velcurve_46=1
amp_velcurve_47=0.98444
amp_velcurve_48=0.9896
amp_velcurve_49=0.99479
amp_velcurve_50=1
amp_velcurve_51=0.86562
amp_velcurve_52=0.89096
amp_velcurve_53=0.91705
amp_velcurve_54=0.94391
amp_velcurve_55=0.97155
amp_velcurve_56=1
amp_velcurve_57=0.977
amp_velcurve_58=0.98025
amp_velcurve_59=0.98352
amp_velcurve_60=0.98679
amp_velcurve_61=0.99008
amp_velcurve_62=0.99337
amp_velcurve_63=0.99668
amp_velcurve_64=1
amp_velcurve_65=0.96696
amp_velcurve_66=0.97161
amp_velcurve_67=0.97629
amp_velcurve_68=0.98099
amp_velcurve_69=0.98571
amp_velcurve_70=0.99045
amp_velcurve_71=0.99521
amp_velcurve_72=1
amp_velcurve_73=0.98342
amp_velcurve_74=0.98577
amp_velcurve_75=0.98813
amp_velcurve_76=0.99049
amp_velcurve_77=0.99286
amp_velcurve_78=0.99524
amp_velcurve_79=0.99761
amp_velcurve_80=1
amp_velcurve_81=0.96371
amp_velcurve_82=0.96881
amp_velcurve_83=0.97394
amp_velcurve_84=0.9791
amp_velcurve_85=0.98428
amp_velcurve_86=0.98949
amp_velcurve_87=0.99473
amp_velcurve_88=1
amp_velcurve_89=0.89347
amp_velcurve_90=0.90797
amp_velcurve_91=0.9227
amp_velcurve_92=0.93766
amp_velcurve_93=0.95287
amp_velcurve_94=0.96833
amp_velcurve_95=0.98404
amp_velcurve_96=1
amp_velcurve_97=0.92671
amp_velcurve_98=0.93684
amp_velcurve_99=0.94708
amp_velcurve_100=0.95744
amp_velcurve_101=0.9679
amp_velcurve_102=0.97849
amp_velcurve_103=0.98918
amp_velcurve_104=1
amp_velcurve_105=0.87922
amp_velcurve_106=0.89553
amp_velcurve_107=0.91215
amp_velcurve_108=0.92908
amp_velcurve_109=0.94633
amp_velcurve_110=0.96389
amp_velcurve_111=0.98178
amp_velcurve_112=1
amp_velcurve_113=0.9608
amp_velcurve_114=0.96631
amp_velcurve_115=0.97184
amp_velcurve_116=0.97741
amp_velcurve_117=0.98301
amp_velcurve_118=0.98864
amp_velcurve_119=0.9943
amp_velcurve_120=1
amp_velcurve_121=0.88867
amp_velcurve_122=0.90632
amp_velcurve_123=0.92433
amp_velcurve_124=0.94269
amp_velcurve_125=0.96142
amp_velcurve_126=0.98052
amp_velcurve_127=1
<region> sample=F#1v1.flac lovel=1 hivel=26
<region> sample=F#1v2.flac lovel=27 hivel=34
<region> sample=F#1v3.flac lovel=35 hivel=36
<region> sample=F#1v4.flac lovel=37 hivel=43
<region> sample=F#1v5.flac lovel=44 hivel=46
<region> sample=F#1v6.flac lovel=47 hivel=50
<region> sample=F#1v7.flac lovel=51 hivel=56
<region> sample=F#1v8.flac lovel=57 hivel=64
<region> sample=F#1v9.flac lovel=65 hivel=72
<region> sample=F#1v10.flac lovel=73 hivel=80
<region> sample=F#1v11.flac lovel=81 hivel=88
<region> sample=F#1v12.flac lovel=89 hivel=96
<region> sample=F#1v13.flac lovel=97 hivel=104
<region> sample=F#1v14.flac lovel=105 hivel=112
<region> sample=F#1v15.flac lovel=113 hivel=120
<region> sample=F#1v16.flac lovel=121 hivel=127
