amp_velcurve_1=0.38099
amp_velcurve_2=0.39598
amp_velcurve_3=0.41157
amp_velcurve_4=0.42776
amp_velcurve_5=0.4446
amp_velcurve_6=0.46209
amp_velcurve_7=0.48028
amp_velcurve_8=0.49918
amp_velcurve_9=0.51882
amp_velcurve_10=0.53924
amp_velcurve_11=0.56046
amp_velcurve_12=0.58252
amp_velcurve_13=0.60544
amp_velcurve_14=0.62927
amp_velcurve_15=0.65404
amp_velcurve_16=0.67977
amp_velcurve_17=0.70653
amp_velcurve_18=0.73433
amp_velcurve_19=0.76323
amp_velcurve_20=0.79327
amp_velcurve_21=0.82448
amp_velcurve_22=0.85693
amp_velcurve_23=0.89065
amp_velcurve_24=0.92571
amp_velcurve_25=0.96214
amp_velcurve_26=1
amp_velcurve_27=0.59348
amp_velcurve_28=0.6394
amp_velcurve_29=0.68888
amp_velcurve_30=0.74219
amp_velcurve_31=0.79963
amp_velcurve_32=0.86151
amp_velcurve_33=0.92817
amp_velcurve_34=1
amp_velcurve_35=0.83785
amp_velcurve_36=1
amp_velcurve_37=0.8263
amp_velcurve_38=0.853
amp_velcurve_39=0.88056
amp_velcurve_40=0.90901
amp_velcurve_41=0.93838
amp_velcurve_42=0.9687
amp_velcurve_43=1
amp_velcurve_44=0.9179
amp_velcurve_45=0.95807
amp_velcurve_46=1
amp_velcurve_47=0.8818
amp_velcurve_48=0.91956
amp_velcurve_49=0.95894
amp_velcurve_50=1
amp_velcurve_51=1.0034
amp_velcurve_52=1.00272
amp_velcurve_53=1.00204
amp_velcurve_54=1.00136
amp_velcurve_55=1.00068
amp_velcurve_56=1
amp_velcurve_57=0.93495
amp_velcurve_58=0.94397
amp_velcurve_59=0.95309
amp_velcurve_60=0.96229
amp_velcurve_61=0.97158
amp_velcurve_62=0.98096
amp_velcurve_63=0.99044
amp_velcurve_64=1
amp_velcurve_65=0.9883
amp_velcurve_66=0.98997
amp_velcurve_67=0.99163
amp_velcurve_68=0.9933
amp_velcurve_69=0.99497
amp_velcurve_70=0.99664
amp_velcurve_71=0.99832
amp_velcurve_72=1
amp_velcurve_73=0.94896
amp_velcurve_74=0.95609
amp_velcurve_75=0.96327
amp_velcurve_76=0.97051
amp_velcurve_77=0.9778
amp_velcurve_78=0.98514
amp_velcurve_79=0.99254
amp_velcurve_80=1
amp_velcurve_81=0.88942
amp_velcurve_82=0.90444
amp_velcurve_83=0.91971
amp_velcurve_84=0.93523
amp_velcurve_85=0.95102
amp_velcurve_86=0.96707
amp_velcurve_87=0.9834
amp_velcurve_88=1
amp_velcurve_89=0.8702
amp_velcurve_90=0.88766
amp_velcurve_91=0.90547
amp_velcurve_92=0.92363
amp_velcurve_93=0.94216
amp_velcurve_94=0.96106
amp_velcurve_95=0.98033
amp_velcurve_96=1
amp_velcurve_97=0.92762
amp_velcurve_98=0.93763
amp_velcurve_99=0.94775
amp_velcurve_100=0.95797
amp_velcurve_101=0.96831
amp_velcurve_102=0.97876
amp_velcurve_103=0.98932
amp_velcurve_104=1
amp_velcurve_105=0.89383
amp_velcurve_106=0.90828
amp_velcurve_107=0.92296
amp_velcurve_108=0.93788
amp_velcurve_109=0.95304
amp_velcurve_110=0.96844
amp_velcurve_111=0.98409
amp_velcurve_112=1
amp_velcurve_113=0.87834
amp_velcurve_114=0.89477
amp_velcurve_115=0.91151
amp_velcurve_116=0.92855
amp_velcurve_117=0.94592
amp_velcurve_118=0.96362
amp_velcurve_119=0.98164
amp_velcurve_120=1
amp_velcurve_121=0.95252
amp_velcurve_122=0.96027
amp_velcurve_123=0.96809
amp_velcurve_124=0.97597
amp_velcurve_125=0.98392
amp_velcurve_126=0.99193
amp_velcurve_127=1
<region> sample=A1v1.flac lovel=1 hivel=26
<region> sample=A1v2.flac lovel=27 hivel=34
<region> sample=A1v3.flac lovel=35 hivel=36
<region> sample=A1v4.flac lovel=37 hivel=43
<region> sample=A1v5.flac lovel=44 hivel=46
<region> sample=A1v6.flac lovel=47 hivel=50
<region> sample=A1v7.flac lovel=51 hivel=56
<region> sample=A1v8.flac lovel=57 hivel=64
<region> sample=A1v9.flac lovel=65 hivel=72
<region> sample=A1v10.flac lovel=73 hivel=80
<region> sample=A1v11.flac lovel=81 hivel=88
<region> sample=A1v12.flac lovel=89 hivel=96
<region> sample=A1v13.flac lovel=97 hivel=104
<region> sample=A1v14.flac lovel=105 hivel=112
<region> sample=A1v15.flac lovel=113 hivel=120
<region> sample=A1v16.flac lovel=121 hivel=127
