amp_velcurve_1=0.58293
amp_velcurve_2=0.59565
amp_velcurve_3=0.60865
amp_velcurve_4=0.62193
amp_velcurve_5=0.63551
amp_velcurve_6=0.64937
amp_velcurve_7=0.66354
amp_velcurve_8=0.67802
amp_velcurve_9=0.69282
amp_velcurve_10=0.70794
amp_velcurve_11=0.72339
amp_velcurve_12=0.73917
amp_velcurve_13=0.7553
amp_velcurve_14=0.77179
amp_velcurve_15=0.78863
amp_velcurve_16=0.80584
amp_velcurve_17=0.82342
amp_velcurve_18=0.84139
amp_velcurve_19=0.85975
amp_velcurve_20=0.87851
amp_velcurve_21=0.89768
amp_velcurve_22=0.91727
amp_velcurve_23=0.93729
amp_velcurve_24=0.95774
amp_velcurve_25=0.97864
amp_velcurve_26=1
amp_velcurve_27=0.46865
amp_velcurve_28=0.52224
amp_velcurve_29=0.58196
amp_velcurve_30=0.6485
amp_velcurve_31=0.72266
amp_velcurve_32=0.8053
amp_velcurve_33=0.89738
amp_velcurve_34=1
amp_velcurve_35=0.86064
amp_velcurve_36=1
amp_velcurve_37=0.87007
amp_velcurve_38=0.89049
amp_velcurve_39=0.91139
amp_velcurve_40=0.93278
amp_velcurve_41=0.95467
amp_velcurve_42=0.97707
amp_velcurve_43=1
amp_velcurve_44=0.90085
amp_velcurve_45=0.94913
amp_velcurve_46=1
amp_velcurve_47=0.96118
amp_velcurve_48=0.97395
amp_velcurve_49=0.98689
amp_velcurve_50=1
amp_velcurve_51=0.95211
amp_velcurve_52=0.9615
amp_velcurve_53=0.97099
amp_velcurve_54=0.98056
amp_velcurve_55=0.99023
amp_velcurve_56=1
amp_velcurve_57=0.93075
amp_velcurve_58=0.94034
amp_velcurve_59=0.95003
amp_velcurve_60=0.95982
amp_velcurve_61=0.96971
amp_velcurve_62=0.97971
amp_velcurve_63=0.9898
amp_velcurve_64=1
amp_velcurve_65=0.91816
amp_velcurve_66=0.92943
amp_velcurve_67=0.94083
amp_velcurve_68=0.95238
amp_velcurve_69=0.96407
amp_velcurve_70=0.9759
amp_velcurve_71=0.98788
amp_velcurve_72=1
amp_velcurve_73=0.9351
amp_velcurve_74=0.94411
amp_velcurve_75=0.9532
amp_velcurve_76=0.96238
amp_velcurve_77=0.97165
amp_velcurve_78=0.98101
amp_velcurve_79=0.99046
amp_velcurve_80=1
amp_velcurve_81=0.91967
amp_velcurve_82=0.93074
amp_velcurve_83=0.94194
amp_velcurve_84=0.95327
amp_velcurve_85=0.96475
amp_velcurve_86=0.97636
amp_velcurve_87=0.98811
amp_velcurve_88=1
amp_velcurve_89=0.92339
amp_velcurve_90=0.93396
amp_velcurve_91=0.94466
amp_velcurve_92=0.95548
amp_velcurve_93=0.96642
amp_velcurve_94=0.97748
amp_velcurve_95=0.98868
amp_velcurve_96=1
amp_velcurve_97=0.8794
amp_velcurve_98=0.89569
amp_velcurve_99=0.91229
amp_velcurve_100=0.92919
amp_velcurve_101=0.94641
amp_velcurve_102=0.96395
amp_velcurve_103=0.98181
amp_velcurve_104=1
amp_velcurve_105=0.95609
amp_velcurve_106=0.96225
amp_velcurve_107=0.96844
amp_velcurve_108=0.97467
amp_velcurve_109=0.98094
amp_velcurve_110=0.98725
amp_velcurve_111=0.99361
amp_velcurve_112=1
amp_velcurve_113=0.84847
amp_velcurve_114=0.86862
amp_velcurve_115=0.88926
amp_velcurve_116=0.91038
amp_velcurve_117=0.932
amp_velcurve_118=0.95414
amp_velcurve_119=0.9768
amp_velcurve_120=1
amp_velcurve_121=0.87681
amp_velcurve_122=0.89623
amp_velcurve_123=0.91609
amp_velcurve_124=0.93638
amp_velcurve_125=0.95712
amp_velcurve_126=0.97833
amp_velcurve_127=1
<region> sample=C2v1.flac lovel=1 hivel=26
<region> sample=C2v2.flac lovel=27 hivel=34
<region> sample=C2v3.flac lovel=35 hivel=36
<region> sample=C2v4.flac lovel=37 hivel=43
<region> sample=C2v5.flac lovel=44 hivel=46
<region> sample=C2v6.flac lovel=47 hivel=50
<region> sample=C2v7.flac lovel=51 hivel=56
<region> sample=C2v8.flac lovel=57 hivel=64
<region> sample=C2v9.flac lovel=65 hivel=72
<region> sample=C2v10.flac lovel=73 hivel=80
<region> sample=C2v11.flac lovel=81 hivel=88
<region> sample=C2v12.flac lovel=89 hivel=96
<region> sample=C2v13.flac lovel=97 hivel=104
<region> sample=C2v14.flac lovel=105 hivel=112
<region> sample=C2v15.flac lovel=113 hivel=120
<region> sample=C2v16.flac lovel=121 hivel=127
