amp_velcurve_1=0.3969
amp_velcurve_2=0.41185
amp_velcurve_3=0.42735
amp_velcurve_4=0.44345
amp_velcurve_5=0.46014
amp_velcurve_6=0.47747
amp_velcurve_7=0.49545
amp_velcurve_8=0.5141
amp_velcurve_9=0.53346
amp_velcurve_10=0.55355
amp_velcurve_11=0.57439
amp_velcurve_12=0.59602
amp_velcurve_13=0.61846
amp_velcurve_14=0.64175
amp_velcurve_15=0.66592
amp_velcurve_16=0.69099
amp_velcurve_17=0.71701
amp_velcurve_18=0.74401
amp_velcurve_19=0.77202
amp_velcurve_20=0.80109
amp_velcurve_21=0.83126
amp_velcurve_22=0.86256
amp_velcurve_23=0.89504
amp_velcurve_24=0.92874
amp_velcurve_25=0.96371
amp_velcurve_26=1
amp_velcurve_27=0.57099
amp_velcurve_28=0.61858
amp_velcurve_29=0.67014
amp_velcurve_30=0.72599
amp_velcurve_31=0.7865
amp_velcurve_32=0.85205
amp_velcurve_33=0.92307
amp_velcurve_34=1
amp_velcurve_35=0.8517
amp_velcurve_36=1
amp_velcurve_37=0.90824
amp_velcurve_38=0.92293
amp_velcurve_39=0.93785
amp_velcurve_40=0.95302
amp_velcurve_41=0.96843
amp_velcurve_42=0.98409
amp_velcurve_43=1
amp_velcurve_44=0.94948
amp_velcurve_45=0.97441
amp_velcurve_46=1
amp_velcurve_47=0.87905
amp_velcurve_48=0.91765
amp_velcurve_49=0.95794
amp_velcurve_50=1
amp_velcurve_51=0.98032
amp_velcurve_52=0.98423
amp_velcurve_53=0.98815
amp_velcurve_54=0.99208
amp_velcurve_55=0.99603
amp_velcurve_56=1
amp_velcurve_57=0.89059
amp_velcurve_58=0.90545
amp_velcurve_59=0.92056
amp_velcurve_60=0.93593
amp_velcurve_61=0.95155
amp_velcurve_62=0.96743
amp_velcurve_63=0.98358
amp_velcurve_64=1
amp_velcurve_65=0.9721
amp_velcurve_66=0.97604
amp_velcurve_67=0.97999
amp_velcurve_68=0.98396
amp_velcurve_69=0.98795
amp_velcurve_70=0.99195
amp_velcurve_71=0.99597
amp_velcurve_72=1
amp_velcurve_73=0.89931
amp_velcurve_74=0.91305
amp_velcurve_75=0.927
amp_velcurve_76=0.94116
amp_velcurve_77=0.95554
amp_velcurve_78=0.97013
amp_velcurve_79=0.98495
amp_velcurve_80=1
amp_velcurve_81=0.96508
amp_velcurve_82=0.97
amp_velcurve_83=0.97493
amp_velcurve_84=0.9799
amp_velcurve_85=0.98488
amp_velcurve_86=0.9899
amp_velcurve_87=0.99494
amp_velcurve_88=1
amp_velcurve_89=0.97209
amp_velcurve_90=0.97603
amp_velcurve_91=0.97998
amp_velcurve_92=0.98396
amp_velcurve_93=0.98794
amp_velcurve_94=0.99195
amp_velcurve_95=0.99596
amp_velcurve_96=1
amp_velcurve_97=0.85232
amp_velcurve_98=0.872
amp_velcurve_99=0.89213
amp_velcurve_100=0.91273
amp_velcurve_101=0.93381
amp_velcurve_102=0.95537
amp_velcurve_103=0.97743
amp_velcurve_104=1
amp_velcurve_105=0.91567
amp_velcurve_106=0.92726
amp_velcurve_107=0.93901
amp_velcurve_108=0.9509
amp_velcurve_109=0.96295
amp_velcurve_110=0.97514
amp_velcurve_111=0.98749
amp_velcurve_112=1
amp_velcurve_113=0.91406
amp_velcurve_114=0.92587
amp_velcurve_115=0.93783
amp_velcurve_116=0.94995
amp_velcurve_117=0.96222
amp_velcurve_118=0.97465
amp_velcurve_119=0.98725
amp_velcurve_120=1
amp_velcurve_121=0.90058
amp_velcurve_122=0.91644
amp_velcurve_123=0.93257
amp_velcurve_124=0.94899
amp_velcurve_125=0.9657
amp_velcurve_126=0.9827
amp_velcurve_127=1
<region> sample=F#2v1.flac lovel=1 hivel=26
<region> sample=F#2v2.flac lovel=27 hivel=34
<region> sample=F#2v3.flac lovel=35 hivel=36
<region> sample=F#2v4.flac lovel=37 hivel=43
<region> sample=F#2v5.flac lovel=44 hivel=46
<region> sample=F#2v6.flac lovel=47 hivel=50
<region> sample=F#2v7.flac lovel=51 hivel=56
<region> sample=F#2v8.flac lovel=57 hivel=64
<region> sample=F#2v9.flac lovel=65 hivel=72
<region> sample=F#2v10.flac lovel=73 hivel=80
<region> sample=F#2v11.flac lovel=81 hivel=88
<region> sample=F#2v12.flac lovel=89 hivel=96
<region> sample=F#2v13.flac lovel=97 hivel=104
<region> sample=F#2v14.flac lovel=105 hivel=112
<region> sample=F#2v15.flac lovel=113 hivel=120
<region> sample=F#2v16.flac lovel=121 hivel=127
