amp_velcurve_1=0.33268
amp_velcurve_2=0.34765
amp_velcurve_3=0.3633
amp_velcurve_4=0.37965
amp_velcurve_5=0.39674
amp_velcurve_6=0.41459
amp_velcurve_7=0.43325
amp_velcurve_8=0.45275
amp_velcurve_9=0.47313
amp_velcurve_10=0.49442
amp_velcurve_11=0.51667
amp_velcurve_12=0.53993
amp_velcurve_13=0.56423
amp_velcurve_14=0.58962
amp_velcurve_15=0.61616
amp_velcurve_16=0.64389
amp_velcurve_17=0.67287
amp_velcurve_18=0.70315
amp_velcurve_19=0.7348
amp_velcurve_20=0.76787
amp_velcurve_21=0.80243
amp_velcurve_22=0.83854
amp_velcurve_23=0.87628
amp_velcurve_24=0.91572
amp_velcurve_25=0.95693
amp_velcurve_26=1
amp_velcurve_27=0.65158
amp_velcurve_28=0.6927
amp_velcurve_29=0.73641
amp_velcurve_30=0.78288
amp_velcurve_31=0.83229
amp_velcurve_32=0.88481
amp_velcurve_33=0.94064
amp_velcurve_34=1
amp_velcurve_35=0.86938
amp_velcurve_36=1
amp_velcurve_37=0.85096
amp_velcurve_38=0.87416
amp_velcurve_39=0.89799
amp_velcurve_40=0.92248
amp_velcurve_41=0.94763
amp_velcurve_42=0.97346
amp_velcurve_43=1
amp_velcurve_44=0.94317
amp_velcurve_45=0.97117
amp_velcurve_46=1
amp_velcurve_47=0.96995
amp_velcurve_48=0.97987
amp_velcurve_49=0.98988
amp_velcurve_50=1
amp_velcurve_51=0.9234
amp_velcurve_52=0.93824
amp_velcurve_53=0.95331
amp_velcurve_54=0.96863
amp_velcurve_55=0.98419
amp_velcurve_56=1
amp_velcurve_57=0.84041
amp_velcurve_58=0.86155
amp_velcurve_59=0.88321
amp_velcurve_60=0.90542
amp_velcurve_61=0.92819
amp_velcurve_62=0.95154
amp_velcurve_63=0.97547
amp_velcurve_64=1
amp_velcurve_65=0.98289
amp_velcurve_66=0.98532
amp_velcurve_67=0.98775
amp_velcurve_68=0.99019
amp_velcurve_69=0.99263
amp_velcurve_70=0.99508
amp_velcurve_71=0.99754
amp_velcurve_72=1
amp_velcurve_73=0.9438
amp_velcurve_74=0.95163
amp_velcurve_75=0.95953
amp_velcurve_76=0.96749
amp_velcurve_77=0.97551
amp_velcurve_78=0.98361
amp_velcurve_79=0.99177
amp_velcurve_80=1
amp_velcurve_81=0.98272
amp_velcurve_82=0.98517
amp_velcurve_83=0.98763
amp_velcurve_84=0.99009
amp_velcurve_85=0.99256
amp_velcurve_86=0.99503
amp_velcurve_87=0.99751
amp_velcurve_88=1
amp_velcurve_89=0.92195
amp_velcurve_90=0.93271
amp_velcurve_91=0.94361
amp_velcurve_92=0.95462
amp_velcurve_93=0.96577
amp_velcurve_94=0.97705
amp_velcurve_95=0.98846
amp_velcurve_96=1
amp_velcurve_97=0.91283
amp_velcurve_98=0.9248
amp_velcurve_99=0.93693
amp_velcurve_100=0.94921
amp_velcurve_101=0.96166
amp_velcurve_102=0.97428
amp_velcurve_103=0.98705
amp_velcurve_104=1
amp_velcurve_105=0.88938
amp_velcurve_106=0.9044
amp_velcurve_107=0.91967
amp_velcurve_108=0.93521
amp_velcurve_109=0.951
amp_velcurve_110=0.96706
amp_velcurve_111=0.98339
amp_velcurve_112=1
amp_velcurve_113=0.8332
amp_velcurve_114=0.85521
amp_velcurve_115=0.87779
amp_velcurve_116=0.90098
amp_velcurve_117=0.92477
amp_velcurve_118=0.9492
amp_velcurve_119=0.97427
amp_velcurve_120=1
amp_velcurve_121=0.8683
amp_velcurve_122=0.88897
amp_velcurve_123=0.91015
amp_velcurve_124=0.93182
amp_velcurve_125=0.95402
amp_velcurve_126=0.97674
amp_velcurve_127=1
<region> sample=C3v1.flac lovel=1 hivel=26
<region> sample=C3v2.flac lovel=27 hivel=34
<region> sample=C3v3.flac lovel=35 hivel=36
<region> sample=C3v4.flac lovel=37 hivel=43
<region> sample=C3v5.flac lovel=44 hivel=46
<region> sample=C3v6.flac lovel=47 hivel=50
<region> sample=C3v7.flac lovel=51 hivel=56
<region> sample=C3v8.flac lovel=57 hivel=64
<region> sample=C3v9.flac lovel=65 hivel=72
<region> sample=C3v10.flac lovel=73 hivel=80
<region> sample=C3v11.flac lovel=81 hivel=88
<region> sample=C3v12.flac lovel=89 hivel=96
<region> sample=C3v13.flac lovel=97 hivel=104
<region> sample=C3v14.flac lovel=105 hivel=112
<region> sample=C3v15.flac lovel=113 hivel=120
<region> sample=C3v16.flac lovel=121 hivel=127
