amp_velcurve_1=0.4598
amp_velcurve_2=0.47432
amp_velcurve_3=0.48929
amp_velcurve_4=0.50473
amp_velcurve_5=0.52067
amp_velcurve_6=0.5371
amp_velcurve_7=0.55406
amp_velcurve_8=0.57155
amp_velcurve_9=0.58959
amp_velcurve_10=0.6082
amp_velcurve_11=0.6274
amp_velcurve_12=0.6472
amp_velcurve_13=0.66763
amp_velcurve_14=0.68871
amp_velcurve_15=0.71045
amp_velcurve_16=0.73287
amp_velcurve_17=0.75601
amp_velcurve_18=0.77987
amp_velcurve_19=0.80449
amp_velcurve_20=0.82988
amp_velcurve_21=0.85608
amp_velcurve_22=0.8831
amp_velcurve_23=0.91098
amp_velcurve_24=0.93974
amp_velcurve_25=0.9694
amp_velcurve_26=1
amp_velcurve_27=0.70395
amp_velcurve_28=0.74016
amp_velcurve_29=0.77822
amp_velcurve_30=0.81824
amp_velcurve_31=0.86032
amp_velcurve_32=0.90457
amp_velcurve_33=0.95109
amp_velcurve_34=1
amp_velcurve_35=0.80655
amp_velcurve_36=1
amp_velcurve_37=0.79165
amp_velcurve_38=0.82308
amp_velcurve_39=0.85577
amp_velcurve_40=0.88975
amp_velcurve_41=0.92508
amp_velcurve_42=0.96181
amp_velcurve_43=1
amp_velcurve_44=0.95733
amp_velcurve_45=0.97843
amp_velcurve_46=1
amp_velcurve_47=0.87224
amp_velcurve_48=0.9129
amp_velcurve_49=0.95546
amp_velcurve_50=1
amp_velcurve_51=0.89212
amp_velcurve_52=0.91272
amp_velcurve_53=0.9338
amp_velcurve_54=0.95536
amp_velcurve_55=0.97743
amp_velcurve_56=1
amp_velcurve_57=0.95571
amp_velcurve_58=0.96192
amp_velcurve_59=0.96816
amp_velcurve_60=0.97445
amp_velcurve_61=0.98077
amp_velcurve_62=0.98714
amp_velcurve_63=0.99355
amp_velcurve_64=1
amp_velcurve_65=0.89339
amp_velcurve_66=0.90789
amp_velcurve_67=0.92263
amp_velcurve_68=0.93761
amp_velcurve_69=0.95283
amp_velcurve_70=0.9683
amp_velcurve_71=0.98402
amp_velcurve_72=1
amp_velcurve_73=0.94118
amp_velcurve_74=0.94936
amp_velcurve_75=0.95762
amp_velcurve_76=0.96595
amp_velcurve_77=0.97435
amp_velcurve_78=0.98283
amp_velcurve_79=0.99138
amp_velcurve_80=1
amp_velcurve_81=0.91081
amp_velcurve_82=0.92304
amp_velcurve_83=0.93545
amp_velcurve_84=0.94801
amp_velcurve_85=0.96075
amp_velcurve_86=0.97366
amp_velcurve_87=0.98674
amp_velcurve_88=1
amp_velcurve_89=0.91726
amp_velcurve_90=0.92865
amp_velcurve_91=0.94018
amp_velcurve_92=0.95185
amp_velcurve_93=0.96366
amp_velcurve_94=0.97563
amp_velcurve_95=0.98774
amp_velcurve_96=1
amp_velcurve_97=0.85415
amp_velcurve_98=0.8736
amp_velcurve_99=0.8935
amp_velcurve_100=0.91385
amp_velcurve_101=0.93467
amp_velcurve_102=0.95596
amp_velcurve_103=0.97773
amp_velcurve_104=1
amp_velcurve_105=0.8583
amp_velcurve_106=0.87724
amp_velcurve_107=0.8966
amp_velcurve_108=0.91639
amp_velcurve_109=0.93661
amp_velcurve_110=0.95728
amp_velcurve_111=0.97841
amp_velcurve_112=1
amp_velcurve_113=0.88709
amp_velcurve_114=0.90241
amp_velcurve_115=0.91798
amp_velcurve_116=0.93383
amp_velcurve_117=0.94995
amp_velcurve_118=0.96635
amp_velcurve_119=0.98303
amp_velcurve_120=1
amp_velcurve_121=0.80235
amp_velcurve_122=0.83235
amp_velcurve_123=0.86346
amp_velcurve_124=0.89574
amp_velcurve_125=0.92923
amp_velcurve_126=0.96396
amp_velcurve_127=1
<region> sample=F#4v1.flac lovel=1 hivel=26
<region> sample=F#4v2.flac lovel=27 hivel=34
<region> sample=F#4v3.flac lovel=35 hivel=36
<region> sample=F#4v4.flac lovel=37 hivel=43
<region> sample=F#4v5.flac lovel=44 hivel=46
<region> sample=F#4v6.flac lovel=47 hivel=50
<region> sample=F#4v7.flac lovel=51 hivel=56
<region> sample=F#4v8.flac lovel=57 hivel=64
<region> sample=F#4v9.flac lovel=65 hivel=72
<region> sample=F#4v10.flac lovel=73 hivel=80
<region> sample=F#4v11.flac lovel=81 hivel=88
<region> sample=F#4v12.flac lovel=89 hivel=96
<region> sample=F#4v13.flac lovel=97 hivel=104
<region> sample=F#4v14.flac lovel=105 hivel=112
<region> sample=F#4v15.flac lovel=113 hivel=120
<region> sample=F#4v16.flac lovel=121 hivel=127
