amp_velcurve_1=0.53473
amp_velcurve_2=0.54829
amp_velcurve_3=0.56219
amp_velcurve_4=0.57644
amp_velcurve_5=0.59106
amp_velcurve_6=0.60605
amp_velcurve_7=0.62141
amp_velcurve_8=0.63717
amp_velcurve_9=0.65333
amp_velcurve_10=0.66989
amp_velcurve_11=0.68688
amp_velcurve_12=0.70429
amp_velcurve_13=0.72215
amp_velcurve_14=0.74046
amp_velcurve_15=0.75924
amp_velcurve_16=0.77849
amp_velcurve_17=0.79823
amp_velcurve_18=0.81847
amp_velcurve_19=0.83922
amp_velcurve_20=0.8605
amp_velcurve_21=0.88232
amp_velcurve_22=0.90469
amp_velcurve_23=0.92763
amp_velcurve_24=0.95115
amp_velcurve_25=0.97527
amp_velcurve_26=1
amp_velcurve_27=0.61775
amp_velcurve_28=0.66175
amp_velcurve_29=0.70889
amp_velcurve_30=0.75939
amp_velcurve_31=0.81348
amp_velcurve_32=0.87143
amp_velcurve_33=0.9335
amp_velcurve_34=1
amp_velcurve_35=0.85628
amp_velcurve_36=1
amp_velcurve_37=0.80502
amp_velcurve_38=0.83465
amp_velcurve_39=0.86537
amp_velcurve_40=0.89723
amp_velcurve_41=0.93025
amp_velcurve_42=0.9645
amp_velcurve_43=1
amp_velcurve_44=0.92915
amp_velcurve_45=0.96392
amp_velcurve_46=1
amp_velcurve_47=0.90551
amp_velcurve_48=0.93597
amp_velcurve_49=0.96746
amp_velcurve_50=1
amp_velcurve_51=0.9317
amp_velcurve_52=0.94498
amp_velcurve_53=0.95844
amp_velcurve_54=0.9721
amp_velcurve_55=0.98595
amp_velcurve_56=1
amp_velcurve_57=0.92591
amp_velcurve_58=0.93615
amp_velcurve_59=0.9465
amp_velcurve_60=0.95697
amp_velcurve_61=0.96755
amp_velcurve_62=0.97825
amp_velcurve_63=0.98906
amp_velcurve_64=1
amp_velcurve_65=0.95256
amp_velcurve_66=0.95919
amp_velcurve_67=0.96588
amp_velcurve_68=0.97261
amp_velcurve_69=0.97938
amp_velcurve_70=0.98621
amp_velcurve_71=0.99308
amp_velcurve_72=1
amp_velcurve_73=0.84977
amp_velcurve_74=0.86976
amp_velcurve_75=0.89023
amp_velcurve_76=0.91117
amp_velcurve_77=0.93261
amp_velcurve_78=0.95455
amp_velcurve_79=0.97701
amp_velcurve_80=1
amp_velcurve_81=0.92412
amp_velcurve_82=0.9346
amp_velcurve_83=0.94519
amp_velcurve_84=0.95591
amp_velcurve_85=0.96675
amp_velcurve_86=0.97771
amp_velcurve_87=0.98879
amp_velcurve_88=1
amp_velcurve_89=0.91701
amp_velcurve_90=0.92843
amp_velcurve_91=0.93999
amp_velcurve_92=0.9517
amp_velcurve_93=0.96355
amp_velcurve_94=0.97555
amp_velcurve_95=0.9877
amp_velcurve_96=1
amp_velcurve_97=0.89743
amp_velcurve_98=0.91141
amp_velcurve_99=0.92561
amp_velcurve_100=0.94003
amp_velcurve_101=0.95468
amp_velcurve_102=0.96955
amp_velcurve_103=0.98466
amp_velcurve_104=1
amp_velcurve_105=0.90428
amp_velcurve_106=0.91737
amp_velcurve_107=0.93065
amp_velcurve_108=0.94412
amp_velcurve_109=0.95779
amp_velcurve_110=0.97166
amp_velcurve_111=0.98573
amp_velcurve_112=1
amp_velcurve_113=0.78765
amp_velcurve_114=0.81497
amp_velcurve_115=0.84324
amp_velcurve_116=0.87249
amp_velcurve_117=0.90276
amp_velcurve_118=0.93407
amp_velcurve_119=0.96647
amp_velcurve_120=1
amp_velcurve_121=0.87444
amp_velcurve_122=0.89421
amp_velcurve_123=0.91443
amp_velcurve_124=0.93511
amp_velcurve_125=0.95626
amp_velcurve_126=0.97789
amp_velcurve_127=1
<region> sample=F#5v1.flac lovel=1 hivel=26
<region> sample=F#5v2.flac lovel=27 hivel=34
<region> sample=F#5v3.flac lovel=35 hivel=36
<region> sample=F#5v4.flac lovel=37 hivel=43
<region> sample=F#5v5.flac lovel=44 hivel=46
<region> sample=F#5v6.flac lovel=47 hivel=50
<region> sample=F#5v7.flac lovel=51 hivel=56
<region> sample=F#5v8.flac lovel=57 hivel=64
<region> sample=F#5v9.flac lovel=65 hivel=72
<region> sample=F#5v10.flac lovel=73 hivel=80
<region> sample=F#5v11.flac lovel=81 hivel=88
<region> sample=F#5v12.flac lovel=89 hivel=96
<region> sample=F#5v13.flac lovel=97 hivel=104
<region> sample=F#5v14.flac lovel=105 hivel=112
<region> sample=F#5v15.flac lovel=113 hivel=120
<region> sample=F#5v16.flac lovel=121 hivel=127
