amp_velcurve_1=0.93208
amp_velcurve_2=0.9347
amp_velcurve_3=0.93734
amp_velcurve_4=0.93998
amp_velcurve_5=0.94263
amp_velcurve_6=0.94528
amp_velcurve_7=0.94795
amp_velcurve_8=0.95062
amp_velcurve_9=0.9533
amp_velcurve_10=0.95598
amp_velcurve_11=0.95867
amp_velcurve_12=0.96138
amp_velcurve_13=0.96408
amp_velcurve_14=0.9668
amp_velcurve_15=0.96952
amp_velcurve_16=0.97226
amp_velcurve_17=0.975
amp_velcurve_18=0.97774
amp_velcurve_19=0.9805
amp_velcurve_20=0.98326
amp_velcurve_21=0.98603
amp_velcurve_22=0.98881
amp_velcurve_23=0.99159
amp_velcurve_24=0.99439
amp_velcurve_25=0.99719
amp_velcurve_26=1
amp_velcurve_27=0.33066
amp_velcurve_28=0.3873
amp_velcurve_29=0.45363
amp_velcurve_30=0.53133
amp_velcurve_31=0.62233
amp_velcurve_32=0.72892
amp_velcurve_33=0.85377
amp_velcurve_34=1
amp_velcurve_35=0.85934
amp_velcurve_36=1
amp_velcurve_37=0.62685
amp_velcurve_38=0.67759
amp_velcurve_39=0.73244
amp_velcurve_40=0.79174
amp_velcurve_41=0.85583
amp_velcurve_42=0.92511
amp_velcurve_43=1
amp_velcurve_44=0.81761
amp_velcurve_45=0.90422
amp_velcurve_46=1
amp_velcurve_47=0.93281
amp_velcurve_48=0.95469
amp_velcurve_49=0.97708
amp_velcurve_50=1
amp_velcurve_51=0.89974
amp_velcurve_52=0.91895
amp_velcurve_53=0.93858
amp_velcurve_54=0.95862
amp_velcurve_55=0.97909
amp_velcurve_56=1
amp_velcurve_57=0.85807
amp_velcurve_58=0.87704
amp_velcurve_59=0.89643
amp_velcurve_60=0.91625
amp_velcurve_61=0.9365
amp_velcurve_62=0.95721
amp_velcurve_63=0.97837
amp_velcurve_64=1
amp_velcurve_65=0.8083
amp_velcurve_66=0.83325
amp_velcurve_67=0.85897
amp_velcurve_68=0.88549
amp_velcurve_69=0.91283
amp_velcurve_70=0.941
amp_velcurve_71=0.97005
amp_velcurve_72=1
amp_velcurve_73=0.859
amp_velcurve_74=0.87786
amp_velcurve_75=0.89712
amp_velcurve_76=0.91682
amp_velcurve_77=0.93694
amp_velcurve_78=0.95751
amp_velcurve_79=0.97852
amp_velcurve_80=1
amp_velcurve_81=0.8162
amp_velcurve_82=0.84023
amp_velcurve_83=0.86496
amp_velcurve_84=0.89043
amp_velcurve_85=0.91664
amp_velcurve_86=0.94362
amp_velcurve_87=0.9714
amp_velcurve_88=1
amp_velcurve_89=0.87271
amp_velcurve_90=0.88985
amp_velcurve_91=0.90733
amp_velcurve_92=0.92515
amp_velcurve_93=0.94332
amp_velcurve_94=0.96185
amp_velcurve_95=0.98074
amp_velcurve_96=1
amp_velcurve_97=0.77284
amp_velcurve_98=0.80182
amp_velcurve_99=0.83189
amp_velcurve_100=0.86308
amp_velcurve_101=0.89544
amp_velcurve_102=0.92902
amp_velcurve_103=0.96386
amp_velcurve_104=1
amp_velcurve_105=0.84246
amp_velcurve_106=0.86335
amp_velcurve_107=0.88475
amp_velcurve_108=0.90669
amp_velcurve_109=0.92916
amp_velcurve_110=0.9522
amp_velcurve_111=0.97581
amp_velcurve_112=1
amp_velcurve_113=0.77325
amp_velcurve_114=0.80218
amp_velcurve_115=0.8322
amp_velcurve_116=0.86334
amp_velcurve_117=0.89565
amp_velcurve_118=0.92916
amp_velcurve_119=0.96393
amp_velcurve_120=1
amp_velcurve_121=0.73127
amp_velcurve_122=0.77042
amp_velcurve_123=0.81168
amp_velcurve_124=0.85514
amp_velcurve_125=0.90093
amp_velcurve_126=0.94917
amp_velcurve_127=1
<region> sample=A7v1.flac lovel=1 hivel=26
<region> sample=A7v2.flac lovel=27 hivel=34
<region> sample=A7v3.flac lovel=35 hivel=36
<region> sample=A7v4.flac lovel=37 hivel=43
<region> sample=A7v5.flac lovel=44 hivel=46
<region> sample=A7v6.flac lovel=47 hivel=50
<region> sample=A7v7.flac lovel=51 hivel=56
<region> sample=A7v8.flac lovel=57 hivel=64
<region> sample=A7v9.flac lovel=65 hivel=72
<region> sample=A7v10.flac lovel=73 hivel=80
<region> sample=A7v11.flac lovel=81 hivel=88
<region> sample=A7v12.flac lovel=89 hivel=96
<region> sample=A7v13.flac lovel=97 hivel=104
<region> sample=A7v14.flac lovel=105 hivel=112
<region> sample=A7v15.flac lovel=113 hivel=120
<region> sample=A7v16.flac lovel=121 hivel=127
